/*
  WhetStone, Version 2.2
  Release name: naka-to.

  Copyright 2010-201x held jointly by LANS/LANL, LBNL, and PNNL. 
  Amanzi is released under the three-clause BSD License. 
  The terms of use and "as is" disclaimer for this license are 
  provided in the top-level COPYRIGHT file.

  Author: Konstantin Lipnikov (lipnikov@lanl.gov)

  Efficient quadratures on the reference tetrahedron.
*/

#ifndef AMANZI_WHETSTONE_QUADRATURE_3D_HH_
#define AMANZI_WHETSTONE_QUADRATURE_3D_HH_

namespace Amanzi {
namespace WhetStone {

// number of points, start position
const int q3d_order[7][2] = {
  1,  0,   // skip order 0
  1,  0,
  4,  1,   // order 2 
  8,  5,   // order 3
  15, 13,
  15, 13,  // order 5
  24, 28,  // order 6
};

const double q3d_weights[52] = {
  1.0,               // order 1 with 1 point
  0.25,              // order 2 with 4 points
  0.25,
  0.25,
  0.25,
 -0.01666666666667,  // order 3 with 8 points
 -0.01666666666667,
 -0.01666666666667,
 -0.01666666666667,
  0.26666666666667,
  0.26666666666667,
  0.26666666666667,
  0.26666666666667,
  0.11851851851852,  // order 5 with 15 points
  0.07193708377902,
  0.07193708377902,
  0.07193708377902,
  0.07193708377902,
  0.06906820722627,
  0.06906820722627,
  0.06906820722627,
  0.06906820722627,
  0.05291005291005,
  0.05291005291005,
  0.05291005291005,
  0.05291005291005,
  0.05291005291005,
  0.05291005291005,
  0.0399227502581679, // order 6 with 24 points
  0.0399227502581679,
  0.0399227502581679,
  0.0399227502581679,
  0.0100772110553207, 
  0.0100772110553207, 
  0.0100772110553207, 
  0.0100772110553207, 
  0.0553571815436544,
  0.0553571815436544,
  0.0553571815436544,
  0.0553571815436544,
  0.0482142857142857,
  0.0482142857142857,
  0.0482142857142857,
  0.0482142857142857,
  0.0482142857142857,
  0.0482142857142857,
  0.0482142857142857,
  0.0482142857142857,
  0.0482142857142857,
  0.0482142857142857,
  0.0482142857142857,
  0.0482142857142857
};

const double q3d_points[52][4] = {
  0.25, 0.25, 0.25, 0.25,                                                  // order 1 with 1 point
  0.58541019662497, 0.13819660112501, 0.13819660112501, 0.13819660112501,  // order 2 with 3 points
  0.13819660112501, 0.58541019662497, 0.13819660112501, 0.13819660112501,
  0.13819660112501, 0.13819660112501, 0.58541019662497, 0.13819660112501,
  0.13819660112501, 0.13819660112501, 0.13819660112501, 0.58541019662497,
  1.0, 0.0, 0.0, 0.0,                                                      // order 3 with 8 points
  0.0, 1.0, 0.0, 0.0,
  0.0, 0.0, 1.0, 0.0,
  0.0, 0.0, 0.0, 1.0,
  0.625, 0.125, 0.125, 0.125,
  0.125, 0.625, 0.125, 0.125,
  0.125, 0.125, 0.625, 0.125,
  0.125, 0.125, 0.125, 0.625,
  0.25, 0.25, 0.25, 0.25,                                                  // order 5 with 15 point
  0.72408676584183, 0.09197107805272, 0.09197107805272, 0.09197107805272,
  0.09197107805272, 0.72408676584183, 0.09197107805272, 0.09197107805272,
  0.09197107805272, 0.09197107805272, 0.72408676584183, 0.09197107805272,
  0.09197107805272, 0.09197107805272, 0.09197107805272, 0.72408676584183,
  0.31979362782963, 0.31979362782963, 0.31979362782963, 0.04061911651111,
  0.31979362782963, 0.31979362782963, 0.04061911651111, 0.31979362782963,
  0.31979362782963, 0.04061911651111, 0.31979362782963, 0.31979362782963,
  0.04061911651111, 0.31979362782963, 0.31979362782963, 0.31979362782963,
  0.44364916731037, 0.44364916731037, 0.05635083268963, 0.05635083268963, 
  0.44364916731037, 0.05635083268963, 0.44364916731037, 0.05635083268963, 
  0.44364916731037, 0.05635083268963, 0.05635083268963, 0.44364916731037,
  0.05635083268963, 0.44364916731037, 0.44364916731037, 0.05635083268963,
  0.05635083268963, 0.44364916731037, 0.05635083268963, 0.44364916731037,
  0.05635083268963, 0.05635083268963, 0.44364916731037, 0.44364916731037,
  0.3561913862225449, 0.2146028712591517, 0.2146028712591517, 0.2146028712591517,
  0.2146028712591517, 0.3561913862225449, 0.2146028712591517, 0.2146028712591517,
  0.2146028712591517, 0.2146028712591517, 0.3561913862225449, 0.2146028712591517,
  0.2146028712591517, 0.2146028712591517, 0.2146028712591517, 0.3561913862225449,
  0.8779781243961660, 0.0406739585346113, 0.0406739585346113, 0.0406739585346113,
  0.0406739585346113, 0.8779781243961660, 0.0406739585346113, 0.0406739585346113,
  0.0406739585346113, 0.0406739585346113, 0.8779781243961660, 0.0406739585346113,
  0.0406739585346113, 0.0406739585346113, 0.0406739585346113, 0.8779781243961660,
  0.3223378901422757, 0.3223378901422757, 0.3223378901422757, 0.0329863295731731,
  0.3223378901422757, 0.3223378901422757, 0.0329863295731731, 0.3223378901422757,
  0.3223378901422757, 0.0329863295731731, 0.3223378901422757, 0.3223378901422757,
  0.0329863295731731, 0.3223378901422757, 0.3223378901422757, 0.3223378901422757,
  0.6030056647916491, 0.2696723314583159, 0.0636610018750175, 0.0636610018750175,
  0.6030056647916491, 0.0636610018750175, 0.2696723314583159, 0.0636610018750175,
  0.6030056647916491, 0.0636610018750175, 0.0636610018750175, 0.2696723314583159,
  0.2696723314583159, 0.6030056647916491, 0.0636610018750175, 0.0636610018750175,
  0.2696723314583159, 0.0636610018750175, 0.6030056647916491, 0.0636610018750175,
  0.2696723314583159, 0.0636610018750175, 0.0636610018750175, 0.6030056647916491,
  0.0636610018750175, 0.6030056647916491, 0.2696723314583159, 0.0636610018750175,
  0.0636610018750175, 0.6030056647916491, 0.0636610018750175, 0.2696723314583159,
  0.0636610018750175, 0.2696723314583159, 0.6030056647916491, 0.0636610018750175,
  0.0636610018750175, 0.2696723314583159, 0.0636610018750175, 0.6030056647916491,
  0.0636610018750175, 0.0636610018750175, 0.6030056647916491, 0.2696723314583159,
  0.0636610018750175, 0.0636610018750175, 0.2696723314583159, 0.6030056647916491
};

}  // namespace WhetStone
}  // namespace Amanzi

#endif
